1   2009 week: 21   8   1
2   2009 week: 22   15  4
3   2009 week: 23   18  21
4   2009 week: 24   23  45
5   2009 week: 25   16  42
6   2009 week: 26   37  21
7   2009 week: 27   24  20
8   2009 week: 28   34  16
9   2009 week: 29   19  98
10  2009 week: 30   23  197
11  2009 week: 31   30  480
12  2009 week: 32   24  456
13  2009 week: 33   30  37
14  2009 week: 34   30  51
15  2009 week: 35   20  36
16  2009 week: 36   44  27
17  2009 week: 37   44  27
18  2009 week: 38   48  20
19  2009 week: 39   50  15
20  2009 week: 40   74  41
21  2009 week: 41   85  50
22  2009 week: 42   87  69
23  2009 week: 43   140 147
24  2009 week: 44   124 226
25  2009 week: 45   179 226
26  2009 week: 46   218 226
27  2009 week: 47   313 104
28  2009 week: 48   451 67
29  2009 week: 49   579 37
30  2009 week: 50   1011    29
31  2009 week: 51   1336    11
32  2009 week: 52   2155    4
33  2010 week: 01   3818    4
34  2010 week: 02   4733    4
35  2010 week: 03   4743    1
36  2010 week: 04   5186    4
37  2010 week: 05   4371    4
38  2010 week: 06   3545    1
39  2010 week: 07   2544    4
40  2010 week: 08   1943    1
41  2010 week: 09   1378    1
42  2010 week: 10   880 1
43  2010 week: 11   608 1
44  2010 week: 12   347 1
45  2010 week: 13   185 2
46  2010 week: 14   125 1
47  2010 week: 15   64  2
48  2010 week: 16   37  2
49  2010 week: 17   29  2
50  2010 week: 18   19  1
51  2010 week: 19   17  1
52  2010 week: 20   11  2
53  2010 week: 21   7   2
54  2010 week: 22   6   1
55  2010 week: 23   4   1