1   2010 week: 28   4   1
2   2010 week: 29   10  1
3   2010 week: 30   12  1
4   2010 week: 31   24  1
5   2010 week: 32   19  1
6   2010 week: 33   32  2
7   2010 week: 34   21  1
8   2010 week: 35   45  1
9   2010 week: 36   34  2
10  2010 week: 37   46  1
11  2010 week: 38   64  1
12  2010 week: 39   67  1
13  2010 week: 40   62  1
14  2010 week: 41   76  1
15  2010 week: 42   129 1
16  2010 week: 43   142 2
17  2010 week: 44   167 3
18  2010 week: 45   245 1
19  2010 week: 46   350 2
20  2010 week: 47   485 3
21  2010 week: 48   581 5
22  2010 week: 49   607 5
23  2010 week: 50   839 8
24  2010 week: 51   1433    24
25  2010 week: 52   1985    32
26  2011 week: 01   2355    53
27  2011 week: 02   2647    153
28  2011 week: 03   3022    174
29  2011 week: 04   3708    160
30  2011 week: 05   4424    86
31  2011 week: 06   4860    122
32  2011 week: 07   5024    79
33  2011 week: 08   5722    52
34  2011 week: 09   4553    32
35  2011 week: 10   3571    21
36  2011 week: 11   2657    13
37  2011 week: 12   1938    11
38  2011 week: 13   1340    6
39  2011 week: 14   909 2
40  2011 week: 15   627 3
41  2011 week: 16   391 0
42  2011 week: 17   192 0
43  2011 week: 18   125 0
44  2011 week: 19   62  0
45  2011 week: 20   35  0
46  2011 week: 21   18  0
47  2011 week: 22   16  0
48  2011 week: 23   11  0
49  2011 week: 24   5   0
50  2011 week: 25   9   0
51  2011 week: 26   2   0
52  2011 week: 27   4   0
53  2011 week: 28   4   0
54  2011 week: 29   4   0
55  2011 week: 30   7   0